top-left:   (37.8116826, -122.5349807)
top-right:  (37.8095127, -122.3612594)
bot-right:  (37.6946877, -122.3550796)
bot-left:   (37.6933293, -122.5233078)
